toy																																																																																																																												
	数据集	训练脚本	实验机器	完成状态	recall@5	recall@10	recall@20	mrr@5	mrr@10	mrr@20	ndcg@5	ndcg@10	ndcg@20	hit@5	hit@10	hit@20	precision@5	precision@10	precision@20	Recall_new@5	Recall_new@10	Recall_new@20	Recall_few@5	Recall_few@10	Recall_few@20	Recall_frequent@5	Recall_frequent@10	Recall_frequent@20	NDCG_new@5	NDCG_new@10	NDCG_new@20	NDCG_few@5	NDCG_few@10	NDCG_few@20	NDCG_frequent@5	NDCG_frequent@10	NDCG_frequent@20	MRR_new@5	MRR_new@10	MRR_new@20	MRR_few@5	MRR_few@10	MRR_few@20	MRR_frequent@5	MRR_frequent@10	MRR_frequent@20	Hit_new@5	Hit_new@10	Hit_new@20	Hit_few@5	Hit_few@10	Hit_few@20	Hit_frequent@5	Hit_frequent@10	Hit_frequent@20	Coverage_new@5	Coverage_few@5	Coverage_frequent@5	Coverage_new@10	Coverage_few@10	Coverage_frequent@10	Coverage_new@20	Coverage_few@20	Coverage_frequent@20	recall@5	recall@10	recall@20	mrr@5	mrr@10	mrr@20	ndcg@5	ndcg@10	ndcg@20	hit@5	hit@10	hit@20	precision@5	precision@10	precision@20	Recall_new@5	Recall_new@10	Recall_new@20	Recall_few@5	Recall_few@10	Recall_few@20	Recall_frequent@5	Recall_frequent@10	Recall_frequent@20	NDCG_new@5	NDCG_new@10	NDCG_new@20	NDCG_few@5	NDCG_few@10	NDCG_few@20	NDCG_frequent@5	NDCG_frequent@10	NDCG_frequent@20	MRR_new@5	MRR_new@10	MRR_new@20	MRR_few@5	MRR_few@10	MRR_few@20	MRR_frequent@5	MRR_frequent@10	MRR_frequent@20	Hit_new@5	Hit_new@10	Hit_new@20	Hit_few@5	Hit_few@10	Hit_few@20	Hit_frequent@5	Hit_frequent@10	Hit_frequent@20	Coverage_new@5	Coverage_few@5	Coverage_frequent@5	Coverage_new@10	Coverage_few@10	Coverage_frequent@10	Coverage_new@20	Coverage_few@20	Coverage_frequent@20
multi-view 7b + align 0.10	toy	two_phase_run_multiview_v3_toys_stratified_7b.sh			0.0519	0.0658	0.081	0.0354	0.0372	0.0383	0.0395	0.044	0.0478	0.0519	0.0658	0.081	0.0104	0.0066	0.0041	0.0179	0.0207	0.024	0.0392	0.0488	0.0605	0.0924	0.1184	0.1459	0.0138	0.0148	0.0156	0.0305	0.0336	0.0366	0.0698	0.0782	0.0851	0.0125	0.0129	0.0131	0.0276	0.0289	0.0297	0.0623	0.0658	0.0677	0.0179	0.0207	0.024	0.0392	0.0488	0.0605	0.0924	0.1184	0.1459	0.2408	0.1942	0.565	0.2254	0.1939	0.5807	0.2142	0.1959	0.5899																																																												
multi-view 7b + align 0.05	toy	nohup sh experiments/exp_sensitivity_v3_align_005.sh			0.0516	0.065	0.0798	0.0353	0.0371	0.0381	0.0393	0.0437	0.0474	0.0516	0.065	0.0798	0.0103	0.0065	0.004	0.0177	0.0199	0.023	0.0394	0.0488	0.0595	0.0915	0.1168	0.144	0.014	0.0147	0.0155	0.0307	0.0338	0.0365	0.0693	0.0775	0.0843	0.0127	0.013	0.0132	0.0279	0.0291	0.0299	0.062	0.0653	0.0672	0.0177	0.0199	0.023	0.0394	0.0488	0.0595	0.0915	0.1168	0.144	0.2499	0.1952	0.5549	0.2332	0.1951	0.5717	0.2205	0.1964	0.5831																																																												
multi-view 7b + align 0.15	toy	nohup sh experiments/exp_sensitivity_v3_align_015.sh			0.0527	0.0662	0.0827	0.0356	0.0374	0.0385	0.0398	0.0442	0.0483	0.0527	0.0662	0.0827	0.0105	0.0066	0.0041	0.0177	0.021	0.0254	0.04	0.0497	0.0626	0.0937	0.1187	0.1482	0.0139	0.015	0.016	0.031	0.0341	0.0373	0.0703	0.0783	0.0858	0.0126	0.013	0.0133	0.028	0.0292	0.0301	0.0625	0.0658	0.0679	0.0177	0.021	0.0254	0.04	0.0497	0.0626	0.0937	0.1187	0.1482	0.2284	0.197	0.5746	0.2149	0.1969	0.5882	0.2058	0.1992	0.595																																																												
multi-view 7b + align 0.20	toy	nohup sh experiments/exp_sensitivity_v3_align_020.sh			0.0524	0.0667	0.0833	0.0352	0.0371	0.0382	0.0395	0.0441	0.0483	0.0524	0.0667	0.0833	0.0105	0.0067	0.0042	0.018	0.0216	0.0258	0.0401	0.0508	0.0632	0.093	0.119	0.1491	0.0139	0.0151	0.0162	0.0307	0.0341	0.0373	0.0696	0.078	0.0856	0.0126	0.013	0.0133	0.0276	0.029	0.0299	0.0618	0.0653	0.0674	0.018	0.0216	0.0258	0.0401	0.0508	0.0632	0.093	0.119	0.1491	0.2259	0.1948	0.5793	0.2132	0.1954	0.5914	0.2053	0.1984	0.5964																																																												
																																																																																																																												
multi-view 7b + cold_text_boost 3.0	toy	two_phase_run_multiview_v3_toys_stratified_7b.sh			0.0519	0.0658	0.081	0.0354	0.0372	0.0383	0.0395	0.044	0.0478	0.0519	0.0658	0.081	0.0104	0.0066	0.0041	0.0179	0.0207	0.024	0.0392	0.0488	0.0605	0.0924	0.1184	0.1459	0.0138	0.0148	0.0156	0.0305	0.0336	0.0366	0.0698	0.0782	0.0851	0.0125	0.0129	0.0131	0.0276	0.0289	0.0297	0.0623	0.0658	0.0677	0.0179	0.0207	0.024	0.0392	0.0488	0.0605	0.0924	0.1184	0.1459	0.2408	0.1942	0.565	0.2254	0.1939	0.5807	0.2142	0.1959	0.5899																																																												
multi-view 7b + cold_text_boost 2.0 	toy	nohup sh experiments/exp_sensitivity_v3_cold_20.sh			0.052	0.066	0.0815	0.0353	0.0372	0.0383	0.0395	0.044	0.0479	0.052	0.066	0.0815	0.0104	0.0066	0.0041	0.0174	0.0205	0.0239	0.0394	0.0491	0.0608	0.0926	0.1186	0.1469	0.0136	0.0146	0.0155	0.0307	0.0338	0.0368	0.0697	0.0781	0.0853	0.0123	0.0128	0.013	0.0278	0.0291	0.0299	0.0622	0.0656	0.0676	0.0174	0.0205	0.0239	0.0394	0.0491	0.0608	0.0926	0.1186	0.1469	0.2376	0.1957	0.5668	0.2226	0.1955	0.5819	0.212	0.1975	0.5905																																																												
multi-view 7b + cold_text_boost 4.0 	toy	nohup sh experiments/exp_sensitivity_v3_cold_40.sh			0.052	0.0658	0.0814	0.0354	0.0372	0.0383	0.0395	0.044	0.0479	0.052	0.0658	0.0814	0.0104	0.0066	0.0041	0.0177	0.0203	0.0242	0.0401	0.0499	0.0612	0.0922	0.1178	0.1463	0.014	0.0148	0.0158	0.031	0.0342	0.037	0.0695	0.0778	0.085	0.0127	0.0131	0.0133	0.028	0.0293	0.0301	0.062	0.0654	0.0674	0.0177	0.0203	0.0242	0.0401	0.0499	0.0612	0.0922	0.1178	0.1463	0.2464	0.1964	0.5572	0.2303	0.1974	0.5723	0.2188	0.2003	0.5809																																																												
multi-view 7b + cold_text_boost 5.0 	toy	nohup sh experiments/exp_sensitivity_v3_cold_50.sh			0.052	0.0655	0.0814	0.0353	0.0371	0.0382	0.0394	0.0438	0.0478	0.052	0.0655	0.0814	0.0104	0.0066	0.0041	0.0177	0.0204	0.0241	0.0394	0.0494	0.0614	0.0926	0.1175	0.1463	0.0138	0.0147	0.0156	0.0306	0.0338	0.0368	0.0696	0.0777	0.085	0.0125	0.0129	0.0131	0.0276	0.029	0.0298	0.062	0.0654	0.0674	0.0177	0.0204	0.0241	0.0394	0.0494	0.0614	0.0926	0.1175	0.1463	0.2424	0.1942	0.5634	0.2272	0.195	0.5779	0.2167	0.197	0.5863																																																												
																																																																																																																												
multi-view 7b + infer boost 0.6	toy	two_phase_run_multiview_v3_toys_stratified_7b.sh			0.0519	0.0658	0.081	0.0354	0.0372	0.0383	0.0395	0.044	0.0478	0.0519	0.0658	0.081	0.0104	0.0066	0.0041	0.0179	0.0207	0.024	0.0392	0.0488	0.0605	0.0924	0.1184	0.1459	0.0138	0.0148	0.0156	0.0305	0.0336	0.0366	0.0698	0.0782	0.0851	0.0125	0.0129	0.0131	0.0276	0.0289	0.0297	0.0623	0.0658	0.0677	0.0179	0.0207	0.024	0.0392	0.0488	0.0605	0.0924	0.1184	0.1459	0.2408	0.1942	0.565	0.2254	0.1939	0.5807	0.2142	0.1959	0.5899																																																												
multi-view 7b + infer boost 0.3	toy	nohup sh experiments/exp_sensitivity_v3_infer_03.sh			0.0519	0.0659	0.081	0.0353	0.0372	0.0382	0.0395	0.044	0.0478	0.0519	0.0659	0.081	0.0104	0.0066	0.004	0.0179	0.0205	0.0233	0.0387	0.0487	0.0597	0.0926	0.1188	0.1466	0.0139	0.0147	0.0154	0.0301	0.0333	0.0361	0.0699	0.0783	0.0854	0.0125	0.0129	0.0131	0.0273	0.0286	0.0294	0.0624	0.0659	0.0678	0.0179	0.0205	0.0233	0.0387	0.0487	0.0597	0.0926	0.1188	0.1466	0.2422	0.1898	0.568	0.2237	0.1904	0.5858	0.2101	0.1924	0.5975																																																												
multi-view 7b + infer boost 0.9	toy	nohup sh experiments/exp_sensitivity_v3_infer_09.sh			0.0521	0.0659	0.0812	0.0355	0.0373	0.0384	0.0396	0.0441	0.0479	0.0521	0.0659	0.0812	0.0104	0.0066	0.0041	0.0177	0.0207	0.0247	0.0398	0.0493	0.0615	0.0925	0.1182	0.1456	0.0137	0.0147	0.0157	0.031	0.034	0.0371	0.0699	0.0782	0.0851	0.0124	0.0128	0.0131	0.0281	0.0293	0.0302	0.0624	0.0658	0.0677	0.0177	0.0207	0.0247	0.0398	0.0493	0.0615	0.0925	0.1182	0.1456	0.2365	0.1991	0.5644	0.2242	0.1982	0.5775	0.2161	0.1998	0.584																																																												
multi-view 7b + infer boost 1.2	toy	nohup sh experiments/exp_sensitivity_v3_infer_12.sh			0.0521	0.0659	0.0813	0.0356	0.0374	0.0384	0.0397	0.0441	0.048	0.0521	0.0659	0.0813	0.0104	0.0066	0.0041	0.0177	0.0206	0.0253	0.04	0.0498	0.0624	0.0925	0.1181	0.1452	0.0135	0.0145	0.0156	0.0312	0.0344	0.0376	0.07	0.0782	0.0851	0.0121	0.0125	0.0128	0.0283	0.0296	0.0305	0.0625	0.0659	0.0678	0.0177	0.0206	0.0253	0.04	0.0498	0.0624	0.0925	0.1181	0.1452	0.2296	0.2042	0.5661	0.2207	0.2028	0.5764	0.2163	0.2039	0.5796																																																												
																																																																																																																												
multi-view 7b + temperature 0.05	toy	two_phase_run_multiview_v3_toys_stratified_7b.sh			0.0519	0.0658	0.081	0.0354	0.0372	0.0383	0.0395	0.044	0.0478	0.0519	0.0658	0.081	0.0104	0.0066	0.0041	0.0179	0.0207	0.024	0.0392	0.0488	0.0605	0.0924	0.1184	0.1459	0.0138	0.0148	0.0156	0.0305	0.0336	0.0366	0.0698	0.0782	0.0851	0.0125	0.0129	0.0131	0.0276	0.0289	0.0297	0.0623	0.0658	0.0677	0.0179	0.0207	0.024	0.0392	0.0488	0.0605	0.0924	0.1184	0.1459	0.2408	0.1942	0.565	0.2254	0.1939	0.5807	0.2142	0.1959	0.5899																																																												
multi-view 7b + temperature 0.03	toy	nohup sh experiments/exp_sensitivity_v3_tau_003.sh			0.0521	0.066	0.0814	0.0351	0.0369	0.038	0.0393	0.0438	0.0477	0.0521	0.066	0.0814	0.0104	0.0066	0.0041	0.0178	0.0208	0.0245	0.0396	0.0494	0.0608	0.0927	0.1184	0.1466	0.0139	0.0149	0.0158	0.0306	0.0337	0.0366	0.0694	0.0777	0.0848	0.0126	0.013	0.0133	0.0276	0.0288	0.0296	0.0617	0.0651	0.0671	0.0178	0.0208	0.0245	0.0396	0.0494	0.0608	0.0927	0.1184	0.1466	0.2321	0.1963	0.5716	0.2179	0.1964	0.5857	0.2081	0.1986	0.5933																																																												
multi-view 7b + temperature 0.07	toy	nohup sh experiments/exp_sensitivity_v3_tau_007.sh			0.0521	0.066	0.0812	0.0355	0.0373	0.0384	0.0396	0.0441	0.0479	0.0521	0.066	0.0812	0.0104	0.0066	0.0041	0.0176	0.0204	0.0244	0.0397	0.0492	0.06	0.0927	0.1186	0.1466	0.0138	0.0147	0.0157	0.0308	0.0339	0.0366	0.0699	0.0783	0.0854	0.0126	0.0129	0.0132	0.0279	0.0291	0.0299	0.0624	0.0658	0.0678	0.0176	0.0204	0.0244	0.0397	0.0492	0.06	0.0927	0.1186	0.1466	0.2351	0.1942	0.5708	0.2186	0.1937	0.5876	0.2072	0.1951	0.5978																																																												
multi-view 7b + temperature 0.10	toy	nohup sh experiments/exp_sensitivity_v3_tau_010.sh			0.052	0.0654	0.081	0.0353	0.0371	0.0381	0.0394	0.0438	0.0477	0.052	0.0654	0.081	0.0104	0.0065	0.004	0.0179	0.0204	0.0236	0.04	0.0491	0.0606	0.0921	0.1174	0.146	0.0138	0.0146	0.0154	0.0312	0.0341	0.037	0.0693	0.0775	0.0847	0.0125	0.0128	0.013	0.0282	0.0294	0.0302	0.0618	0.0652	0.0672	0.0179	0.0204	0.0236	0.04	0.0491	0.0606	0.0921	0.1174	0.146	0.2477	0.196	0.5563	0.2316	0.1964	0.5719	0.2199	0.1979	0.5822																																																												